1205,239
1208,19
1208,18
1208,17
1208,16
1205,238
1205,237
1205,236
1205,235
1208,15
1208,14
1208,13
1208,12
1208,11
1208,10
1208,9
1205,234
1205,233
1205,232
1205,231
1205,230
1205,229
1206,183
1206,182
1206,181
1206,180
1206,179
1206,178
1206,177
1206,176
1206,175
1206,174
1206,173
1205,228
1205,227
1205,226
1205,225
1205,224
1205,223
1205,222
1205,221
1205,220
1205,219
1205,218
1205,217
1205,216
1205,215
1205,214
1205,213
1205,212
1205,211
1205,210
1205,209
1205,208
1205,207
1205,206
1205,205
1205,204
1205,203
1205,202
1205,201
1205,200
1205,199
1205,198
1205,197
1205,196
1205,195
1205,194
1205,193
1205,192
1206,172
1206,171
1206,170
1206,169
1206,168
1206,167
1206,166
1206,165
1206,164
1206,163
1206,162
1206,161
1206,160
1208,8
1208,7
1208,6
1206,159
1206,158
1206,157
1206,156
1206,155
1206,154
1206,153
1206,152
1206,151
1206,150
1206,149
1206,148
1206,147
1206,146
1206,145
1206,144
1206,143
1206,142
1206,141
1206,140
1206,139
1206,138
1206,137
1206,136
1206,135
1206,134
1206,133
1206,132
1206,131
1206,130
1206,129
1206,128
1200,49
1200,46
1200,48
1200,26
1200,47
1200,28
1200,45
1200,44
1200,43
1200,42
1200,41
1200,40
1200,39
1200,38
1200,37
1200,36
1200,35
1200,34
1200,21
1200,33
1200,32
1200,31
1200,30
1200,29
1200,27
1200,18
1200,25
1200,24
1200,23
1200,22
1200,20
1200,4
1200,19
1200,5
1200,17
1200,16
1200,15
1200,14
1200,13
1200,12
1200,11
1200,10
1200,9
1200,8
1200,7
1200,6
1208,5
1208,4
1208,3
1208,2
1208,1
1208,0
1200,3
1200,2
1200,1
1200,0
0,539
1192,5
1192,4
1192,3
1192,2
1192,1
1192,0
1176,14
1176,13
1176,12
0,536
1176,11
511,72
1182,135
1183,127
1183,126
1183,125
1183,124
1183,123
1183,122
1183,121
1183,120
1183,119
1182,134
1182,133
1182,132
1182,131
1182,130
1182,129
1182,128
1183,118
1183,117
1183,116
0,515
1183,115
1183,114
1183,113
1183,112
1183,111
1183,110
1183,109
1183,108
1183,107
1183,106
1183,105
1183,104
1183,103
1183,102
1183,101
1183,100
1183,99
1183,98
1183,97
1183,96
1183,95
1183,94
1183,93
1183,92
1183,91
1182,191
1183,90
1183,89
1183,88
1183,87
1183,86
1183,85
1176,10
1176,9
1176,8
1176,7
1176,6
1183,84
1183,83
544,14
544,13
544,12
544,15
544,8
544,10
1183,82
1183,81
1183,80
1183,79
520,7
1183,78
511,70
511,69
511,68
511,67
511,66
511,64
511,65
1183,77
1183,76
1183,75
1183,74
1183,73
1183,72
520,23
520,22
1183,71
1183,70
1183,69
1183,68
1183,67
520,29
1183,66
1183,65
1183,64
520,18
1184,5
1184,4
1184,3
1184,2
1184,1
1184,0
1176,5
1176,4
1176,3
1176,2
1176,1
1176,0
1168,5
1168,4
1168,3
1168,2
1168,1
1168,0
0,572
584,1
584,3
584,0
536,1
536,3
536,0
528,1
528,3
528,0
496,1
496,3
496,0
488,1
488,3
488,0
480,1
480,3
480,0
520,2
576,9
576,8
576,7
576,6
576,5
576,1
576,4
576,3
576,0
544,16
544,11
544,9
544,4
544,7
544,6
544,1
544,5
544,3
544,0
520,11
520,10
520,9
520,8
520,4
520,32
520,31
520,28
592,5
568,5
568,1
568,3
568,0
512,1
512,3
512,0
520,14
520,12
520,35
520,34
520,33
520,30
520,17
520,16
552,1
552,3
552,0
560,4
560,1
560,3
560,0
0,544
520,27
520,26
520,25
520,24
520,21
575,99
575,98
575,96
575,95
575,94
575,93
575,92
575,91
575,90
575,89
575,88
575,87
575,86
575,85
575,84
575,83
575,82
575,81
575,80
575,79
575,78
575,77
575,76
575,75
575,74
575,73
575,72
575,71
575,70
575,69
575,68
575,67
575,66
575,65
575,64
575,100
520,3
520,0
575,97
592,4
592,1
592,3
592,0
511,71
0,542
1160,37
1160,36
1160,35
1160,34
1160,33
1160,32
1160,31
1160,30
1160,29
1160,28
1160,27
1160,26
1160,25
1160,24
1160,23
1160,22
1160,21
1160,20
1160,19
1160,18
1160,17
520,5
1160,16
1160,15
1160,14
1160,13
1160,12
1160,11
1160,10
1160,9
1160,8
1160,7
1160,6
1160,4
560,5
520,15
512,5
520,13
520,6
1160,2
1159,127
1159,126
1159,125
1159,124
1159,123
1159,122
1159,121
1159,120
1159,119
1159,118
1159,117
1159,116
1159,115
1159,114
1159,113
1159,112
1159,111
1159,110
1159,109
1159,108
1159,107
1159,106
1159,105
1159,104
1159,103
1159,102
1159,101
1159,100
1159,99
1159,98
1159,97
1159,96
1159,95
1159,94
1159,93
1159,92
1159,91
1159,90
1159,89
1159,88
1159,87
1159,86
1159,85
1159,84
1159,83
1159,82
1159,81
1159,80
1159,79
1159,78
1159,77
1159,76
1159,75
1159,74
1159,73
1159,72
1159,71
1159,70
1159,69
1159,68
1159,67
1159,66
1159,65
1159,64
575,127
575,126
575,125
575,124
575,123
575,122
575,121
575,120
575,119
575,118
575,117
575,116
575,115
575,114
575,113
575,112
575,111
575,110
575,109
575,108
575,107
575,106
575,105
575,104
575,103
575,102
575,101
520,1
511,93
511,92
511,91
511,90
511,89
511,88
511,87
511,86
511,85
511,84
511,83
511,82
511,81
511,80
511,79
511,78
511,77
0,545
1160,1
1160,5
1160,3
1160,0
0,546
0,9
0,12
0,541
0,10
0,8
0,0
0,556
0,555
0,514
0,575
0,535
0,534
0,537
0,512
0,574
0,531
0,548
0,527
0,573
0,547
0,528
0,551
0,525
0,540
0,524
0,571
0,564
0,526
0,520
0,523
0,517
0,569
0,521
0,516
0,530
0,529
0,513
0,568
0,567
0,570
0,543
0,566
0,565
0,522
0,559
0,553
0,552
0,563
0,562
0,560
0,561
0,550
0,558
0,519
0,518
0,63
0,62
0,549
0,61
0,60
0,59
0,533
0,58
0,554
0,57
0,56
0,55
0,54
0,53
0,52
0,51
0,557
0,50
0,49
0,532
0,48
0,47
0,46
0,538
0,45
0,6
0,5
0,1
0,11
0,4
0,2
0,3
0,7
1206,192
1200,96
0,639
1205,256
0,637
0,635
0,634
0,633
0,632
0,631
0,630
0,629
1200,95
1200,94
1200,93
1200,92
1200,91
1200,90
1200,89
1200,88
1200,87
1200,86
1200,85
1200,84
1200,83
0,628
0,627
0,626
0,625
1201,37
1201,36
1201,35
1201,34
1201,33
1201,32
1201,31
1201,30
1201,29
1201,28
1201,27
1201,26
1201,25
1201,24
1201,23
1201,22
1201,21
1201,20
1201,19
1201,18
1201,17
1201,16
1201,15
1200,82
1200,81
1200,80
1200,79
1200,78
1200,77
1200,76
1200,75
1200,74
1200,73
1200,72
1200,71
1200,70
1200,69
1200,68
1200,67
1200,66
1200,65
1200,64
0,623
0,622
0,621
0,620
0,619
0,618
0,617
0,610
0,608
1201,14
1201,13
1201,12
1201,11
1201,10
1201,9
1201,8
0,596
1201,7
1201,6
1209,5
1209,4
1209,3
1209,2
1209,1
1209,0
0,594
0,587
0,582
1201,5
1201,4
1201,3
1201,2
1201,1
1201,0
0,581
0,578
1193,5
1193,4
1193,3
1193,2
1193,1
1193,0
1183,161
1183,160
1183,159
1183,158
1183,157
1183,156
1183,155
1183,154
1183,153
1183,152
1183,151
1183,150
1183,149
1183,148
1183,147
1183,146
1183,145
1183,144
1183,143
1183,142
1183,141
1183,140
1183,139
1183,138
1183,137
1183,136
1183,135
1183,134
1183,133
1183,132
1183,131
1183,130
1183,129
1183,128
481,5
1177,51
520,110
520,109
1177,47
1177,50
1177,49
1177,34
1177,48
1177,29
1177,46
1177,45
1177,44
1177,43
1177,42
1177,41
1177,40
1177,39
1177,38
1177,37
1177,36
1177,21
1177,35
1177,30
1177,33
1177,32
1177,31
1177,27
1177,28
1177,18
1177,26
1177,25
1177,24
520,83
520,82
1177,23
1177,22
1177,20
1177,4
1177,19
1177,5
1177,17
1177,16
1177,15
1177,14
1177,13
1177,12
1177,11
1177,10
1177,9
1177,8
1177,7
1177,6
1185,5
1185,4
1185,3
1185,2
1185,1
1185,0
1177,3
1177,2
1177,1
1177,0
1169,5
1169,4
1169,3
1169,2
1169,1
1169,0
585,1
585,3
585,0
537,1
537,3
537,0
529,1
529,3
529,0
513,1
513,3
513,0
497,1
497,3
497,0
489,1
489,3
489,0
577,32
577,25
577,24
577,20
577,19
577,18
577,17
577,13
577,12
577,10
521,17
521,2
521,12
521,11
521,10
521,9
521,8
521,7
521,6
521,14
521,13
521,22
521,19
521,18
521,16
521,15
521,4
521,5
521,1
521,3
521,0
577,30
577,38
577,37
577,27
577,5
577,6
577,34
577,31
577,7
577,1
577,39
577,4
577,3
577,0
545,5
520,79
1153,20
1153,19
481,4
481,1
481,3
481,0
569,5
569,1
569,3
569,0
561,4
593,1
593,3
593,0
1159,160
553,1
553,3
553,0
561,1
561,3
561,0
545,1
545,3
545,0
1161,5
1161,4
1161,3
1161,2
1161,1
1161,0
1160,127
1160,126
1160,125
1160,124
1160,123
1160,122
1160,121
1160,120
1160,119
1160,118
1160,117
1160,116
1160,115
1160,114
1160,113
1160,112
1160,111
1160,110
1160,109
1160,108
1160,107
1160,106
1160,105
1160,104
1160,103
1160,102
1160,101
1160,100
1160,99
1160,98
1160,97
1160,96
1160,95
1160,94
1160,93
1160,92
1160,91
1160,90
1160,89
1160,88
1160,87
1160,86
1160,85
520,78
520,76
520,75
520,72
520,71
520,73
520,74
520,80
520,68
520,77
520,70
520,69
513,6
520,65
520,64
520,67
520,66
520,81
1160,84
1160,83
1160,82
1160,81
1160,80
1160,79
1160,78
1160,77
1160,76
1160,75
1160,74
1160,73
1160,72
1160,71
1160,70
1160,69
1160,68
1160,67
1160,66
1160,65
1160,64
1159,159
1159,158
1159,157
1159,156
1159,155
1159,154
1159,153
1159,152
1159,151
1159,150
1159,149
1159,147
1159,146
1159,145
1159,144
1159,143
1159,142
1159,141
1159,140
1159,139
1159,138
1159,137
1159,135
1159,134
1159,133
1159,132
1159,131
1159,130
1159,129
1159,128
1153,18
1153,17
1153,16
1153,15
1153,14
1153,13
1153,12
1153,11
1153,10
1153,9
1153,8
1153,7
1153,6
1153,4
1153,2
575,191
575,190
575,189
575,188
575,187
575,186
575,185
575,184
575,183
575,182
575,181
575,180
575,179
575,178
575,177
575,176
575,175
575,174
575,173
575,172
575,171
575,170
575,169
575,168
575,167
575,166
575,165
575,164
575,163
575,162
575,161
575,160
575,159
575,158
575,157
575,156
575,155
575,154
575,153
575,152
575,151
575,150
575,149
575,148
575,147
575,146
575,145
575,144
575,143
575,142
575,141
575,140
575,139
575,138
575,137
575,136
575,135
575,134
575,133
575,132
575,131
575,130
575,129
575,128
521,30
521,29
521,28
521,27
521,26
521,25
521,24
521,23
520,108
520,107
520,106
520,105
520,104
520,103
520,102
520,101
520,100
520,99
520,98
520,97
520,96
520,95
520,94
520,93
520,92
520,91
520,90
520,89
520,88
520,87
520,86
520,85
520,84
1,1
1,3
1,0
1159,136
1159,148
1153,5
1153,1
1153,3
1153,0
0,588
0,591
0,585
0,601
0,579
0,586
0,590
0,580
0,599
0,606
0,638
0,597
0,605
0,615
0,593
0,577
0,592
0,613
0,604
0,602
0,636
0,624
0,611
0,612
0,609
0,589
0,607
0,584
0,598
0,583
0,614
0,576
0,616
0,600
0,595
0,603
1202,37
1202,36
1202,35
1202,34
1202,33
1202,32
1202,31
1202,30
1202,29
1202,28
1202,27
1202,26
1202,25
1202,24
1202,23
1202,22
1202,21
546,9
546,8
546,7
1201,127
1201,126
1201,125
1201,124
1201,123
1201,122
514,6
490,5
1201,121
1201,120
1201,119
1201,118
1201,117
1201,116
1201,115
1201,114
1201,113
1201,112
1201,111
1201,110
1201,109
1201,108
1201,107
1201,106
1201,105
1201,104
1201,103
1201,102
1201,101
1201,100
1210,37
1210,36
1210,35
1210,34
1210,33
1202,20
1202,19
1202,18
1202,17
1202,16
1202,15
1201,99
1201,98
1202,14
1202,13
1202,12
1202,11
1202,10
1202,9
1201,97
1201,96
1201,95
1201,94
1201,93
1201,92
1201,91
1201,90
1201,89
1201,88
1201,87
1202,8
1202,7
1202,6
1201,86
1201,85
1201,84
1201,83
1201,82
1201,81
1201,80
1201,79
1201,78
1201,77
1201,76
1201,75
1201,74
1201,73
1201,72
1201,71
1201,70
1201,69
1201,68
1201,67
1201,66
1201,65
1201,64
1210,32
1210,31
1210,30
1210,29
1210,28
1210,27
1210,26
1210,25
1210,24
1210,23
1210,22
1210,21
1210,20
1210,19
1210,18
1210,17
1210,16
1210,15
1210,14
1210,13
1210,12
1210,11
1210,10
1210,9
1210,8
1210,7
1210,6
1210,5
1210,4
1210,3
1210,2
1210,1
1210,0
1202,5
1202,4
1202,3
1202,2
1202,1
1202,0
1194,5
1194,4
1194,3
1194,2
1194,1
1194,0
1177,90
570,9
490,4
1177,89
1177,88
1177,87
1177,86
1177,85
1177,84
1177,83
1178,37
1178,36
1178,35
1178,34
1178,33
1178,32
1178,31
1178,30
1178,29
1178,28
1178,27
1178,26
1178,25
1178,24
1178,23
1178,22
1178,21
1178,20
1178,19
1178,18
1178,17
1178,16
1177,82
1177,81
1177,80
1177,79
1177,78
1177,77
1177,76
1177,75
1177,74
1177,73
1177,72
1177,71
1177,70
1177,69
1177,68
1177,67
1177,66
1177,65
1177,64
1178,15
1178,14
1178,13
1178,12
1178,11
1178,10
1178,9
1178,8
1178,7
1178,6
1186,5
1186,4
1186,3
1186,2
1186,1
1186,0
1178,5
1178,4
1178,3
1178,2
1178,1
1178,0
1170,5
1170,4
1170,3
1170,2
1170,1
1170,0
538,1
538,3
538,0
2,15
2,29
2,28
530,1
530,3
530,0
2,13
2,26
2,27
522,1
522,3
522,0
498,1
498,3
498,0
2,8
490,1
490,3
490,0
2,7
2,5
482,1
482,3
482,0
578,3
578,0
1154,50
562,12
562,5
562,3
562,0
1154,51
546,10
546,3
546,0
2,4
570,8
2,23
570,7
570,5
570,3
570,0
2,21
2,20
514,7
514,4
514,1
514,3
514,0
554,8
554,1
554,7
554,3
554,0
2,17
2,16
2,19
2,18
2,25
1162,5
1162,4
1162,3
1162,2
1162,1
1162,0
1160,191
1160,190
1160,189
1160,188
1160,187
1160,186
1160,185
1160,184
1160,183
1160,182
1160,181
1160,180
1160,179
1160,178
1160,177
1160,176
1160,175
1160,174
1160,173
1160,172
1160,171
1160,170
1160,169
1160,168
1160,167
1160,166
1160,165
1160,164
1160,163
1160,162
1160,161
1160,160
1160,159
1160,158
1160,157
1160,156
1160,155
1160,154
1160,153
1160,152
1160,151
1160,150
1160,149
1160,148
1160,147
1160,146
1160,145
1160,144
1160,143
1160,142
1160,141
1160,140
1160,139
1160,138
1160,137
1160,136
1160,135
1160,134
1160,133
1160,132
1160,131
1160,130
1160,129
1160,128
1154,49
1154,48
1154,47
1154,46
1154,45
1154,44
1154,43
1154,42
1154,41
1154,40
1154,39
1154,38
1154,37
1154,36
1154,35
1154,34
1154,33
1154,32
1154,31
1154,30
1154,29
1154,28
1154,27
1154,26
1154,25
1154,24
1154,23
1154,22
1154,21
1154,20
1154,19
1154,18
1154,17
1154,16
1154,15
1154,13
1154,12
1154,11
1154,10
1154,9
1154,8
1154,7
1154,6
1154,4
1154,2
594,6
594,5
594,4
594,3
594,2
594,1
594,0
586,6
586,5
586,4
586,3
586,2
586,1
586,0
578,10
578,9
578,8
578,7
578,6
578,5
578,1
578,4
575,228
575,227
575,226
575,225
575,224
575,223
575,222
575,221
575,220
575,219
575,218
575,217
575,216
575,215
575,214
575,213
575,212
575,211
575,210
575,209
575,208
575,207
575,206
575,205
575,204
575,203
575,202
575,201
575,200
575,199
575,198
575,197
575,196
575,195
575,194
575,193
575,192
570,1
570,10
562,14
562,1
562,13
546,1
546,11
2,10
2,24
2,31
2,30
1154,1
1154,14
1154,5
1154,3
1154,0
2,9
2,11
2,22
2,1
2,12
2,3
2,0
1202,127
1201,133
1201,132
1201,131
1201,130
1201,129
1201,128
595,4
587,5
515,4
491,5
523,11
523,9
523,6
523,10
523,5
523,4
1203,37
1203,36
1203,35
1203,34
1203,33
1203,32
1203,31
1203,30
1203,29
1203,28
1203,27
1203,26
1203,25
1203,24
1203,23
1203,22
1203,21
1203,20
1203,19
1203,18
1203,17
1203,16
1203,15
1203,14
1203,13
1203,12
1203,11
1203,10
1203,9
1203,8
1203,7
1203,6
1210,86
1210,85
1210,84
1210,83
1210,82
1210,81
1210,80
1210,79
1210,78
1210,77
1210,76
1210,75
1210,74
1210,73
1210,72
1210,71
1210,70
1210,69
1210,68
1210,67
1210,66
1210,65
1210,64
1203,5
1203,4
1203,3
1203,2
1203,1
1203,0
1195,5
1195,4
1195,3
1195,2
1195,1
1195,0
1178,107
1178,106
1178,105
1178,104
1178,103
1178,102
1178,101
1187,37
1187,36
1187,35
1187,34
1187,33
1179,20
1179,19
1179,18
1179,17
1179,16
1179,15
1178,100
1178,99
1179,14
1179,13
1179,12
1179,11
491,4
1179,10
1179,9
1178,98
1178,97
1178,96
1178,95
1178,94
1178,93
1178,92
1178,91
1178,90
1178,89
1178,88
1179,8
1179,7
1179,6
1178,87
1178,86
1178,85
1178,84
1178,83
1178,82
1178,81
1178,80
1178,79
1178,78
1178,77
1178,76
1178,75
1178,74
1178,73
1178,72
1178,71
1178,70
1178,69
1178,68
1178,67
1178,66
1178,65
1178,64
1187,32
1187,31
1187,30
1187,29
1187,28
1187,27
1187,26
1187,25
1187,24
1187,23
1187,22
1187,21
1187,20
1187,19
1187,18
1187,17
1187,16
1187,15
1187,14
1187,13
1187,12
1187,11
1187,10
1187,9
1187,8
1187,7
1187,6
1187,5
1187,4
1187,3
1187,2
1187,1
1187,0
1179,5
1179,4
1179,3
1179,2
1179,1
1179,0
1171,5
1171,4
1171,3
1171,2
1171,1
1171,0
539,1
539,3
539,0
531,1
531,3
531,0
523,3
523,0
499,1
499,3
499,0
491,1
491,3
491,0
483,1
483,3
483,0
0,243
579,2
587,1
587,3
587,0
571,5
571,1
571,3
571,0
563,5
563,1
563,3
563,0
515,1
515,3
515,0
595,1
595,3
595,0
555,1
555,3
555,0
547,1
547,3
547,0
1163,5
1163,4
1163,3
1163,2
1163,1
1163,0
1155,37
1155,36
1155,35
1155,34
1155,33
1155,32
1155,31
1155,30
1155,29
1155,28
1155,27
1155,26
1155,25
1155,24
1155,23
1155,22
1155,21
1155,20
1155,19
1155,18
1155,17
1155,16
1155,15
1155,14
1155,13
1155,12
1155,11
1155,10
1155,9
1155,8
1155,7
1155,6
1155,5
1155,4
1155,3
1155,2
1155,1
1155,0
1154,88
1154,87
1154,86
1154,85
1154,84
1154,83
1154,82
1154,81
1154,80
1154,79
1154,78
1154,77
1154,76
1154,75
1154,74
1154,73
1154,72
1154,71
1154,70
1154,69
1154,68
1154,67
1154,66
1154,65
1154,64
931,5
931,4
931,3
931,2
931,1
931,0
575,319
523,1
523,12
480,255
480,254
480,253
480,252
480,251
480,250
480,249
480,248
480,247
480,246
480,245
480,244
480,243
480,242
480,241
480,240
480,239
480,238
480,237
480,236
480,235
480,234
480,233
480,232
480,231
480,230
480,229
480,228
480,227
480,226
480,225
480,224
480,223
480,222
480,221
480,220
480,219
480,218
480,217
480,216
480,215
480,214
480,213
480,212
480,211
480,210
480,209
480,208
480,207
480,206
480,205
480,204
480,203
480,202
480,201
480,200
480,199
480,198
480,197
480,196
480,195
480,194
480,193
480,192
3,1
3,3
3,0
579,5
579,4
579,1
579,3
579,0
0,255
0,254
0,253
0,252
0,251
0,250
0,249
0,248
0,247
0,246
0,245
0,244
0,242
0,241
0,240
0,239
0,238
0,237
0,236
0,235
0,234
0,233
0,232
0,231
0,230
0,229
0,228
0,227
0,226
0,225
0,224
0,223
0,222
0,221
0,220
0,219
0,218
0,217
0,216
0,215
0,214
0,213
0,212
0,211
0,210
0,209
0,208
0,207
0,206
0,205
0,204
0,203
0,202
0,201
0,200
0,199
0,198
0,197
0,196
0,195
0,194
0,193
0,192
1204,45
1204,42
524,43
524,20
524,18
524,13
524,32
524,33
524,9
524,42
524,38
524,6
524,11
1204,44
1204,22
1204,43
1204,21
1204,20
1204,41
1204,40
1204,39
1204,38
1204,37
1204,36
1204,35
588,5
492,4
524,53
524,34
1204,34
1204,33
1204,32
1204,31
524,39
524,52
524,61
524,17
524,40
524,58
524,14
524,36
524,27
524,10
524,37
524,8
524,7
524,47
524,57
524,54
524,41
524,12
524,22
524,62
524,23
524,5
524,31
524,4
1204,30
1204,29
1204,28
1204,27
1204,26
1204,25
1204,24
1204,23
1204,19
1204,4
1204,5
1204,18
1204,17
1204,16
1204,15
1204,14
1204,13
1204,12
1204,11
1204,10
1204,9
1204,8
1204,7
1204,6
1204,3
1204,2
1204,1
1204,0
1196,5
1196,4
1196,3
1196,2
1196,1
1196,0
1188,5
1188,4
1188,3
1188,2
1188,1
1188,0
1187,113
1187,112
1187,111
1187,110
1187,109
1187,108
1187,107
1187,106
1187,105
1187,104
1187,103
1187,102
1187,101
1187,100
1187,99
1187,98
1187,97
1187,96
1187,95
1187,94
1187,93
1187,92
1187,91
1187,90
1187,89
1187,88
1187,87
1187,86
1187,85
1187,84
1187,83
1187,82
1187,81
1187,80
1187,79
1187,78
1187,77
1187,76
1187,75
1187,74
1187,73
1187,72
1187,71
1187,70
1187,69
1187,68
1187,67
1187,66
1187,65
1187,64
540,5
1180,5
1180,4
1180,3
1180,2
1180,1
1180,0
1172,5
1172,4
1172,3
1172,2
1172,1
1172,0
1164,37
1164,36
1164,35
1164,34
1164,33
596,1
596,3
596,0
580,1
580,3
580,0
540,1
540,3
540,0
532,1
532,3
532,0
716,1
716,3
716,0
524,3
524,0
500,1
500,3
500,0
492,1
492,3
492,0
484,1
484,3
484,0
1156,18
516,8
516,7
588,9
588,8
588,7
588,4
588,1
588,3
588,0
572,5
572,1
572,3
572,0
564,5
564,1
564,3
564,0
516,1
516,3
516,0
1156,17
1156,16
1156,15
1156,14
556,1
556,3
556,0
548,1
548,3
548,0
1164,32
1164,31
1164,30
1164,29
1164,28
1164,27
1164,26
1164,25
1164,24
1164,23
1164,22
1164,21
1164,20
1164,19
1164,18
1164,17
1164,16
1164,15
1164,14
1164,13
1164,12
1164,11
1164,10
1164,9
1164,8
1164,7
1164,6
1164,5
1164,4
1164,3
1164,2
1164,1
1164,0
1156,13
1156,12
1156,11
1156,10
1156,9
1156,8
1156,7
1156,6
1156,5
1156,4
1156,3
1156,2
1156,1
1156,0
1155,127
1155,126
1155,125
1155,124
1155,123
1155,122
1155,121
1155,120
1155,119
1155,118
1155,117
1155,116
1155,115
1155,114
1155,113
1155,112
1155,111
1155,110
1155,109
1155,108
1155,107
1155,106
1155,105
1155,104
1155,103
1155,102
1155,101
1155,100
1155,99
1155,98
1155,97
1155,96
1155,95
1155,94
1155,93
1155,92
1155,91
1155,90
1155,89
1155,88
1155,87
1155,86
1155,85
1155,84
1155,83
1155,82
1155,81
1155,80
1155,79
1155,78
1155,77
1155,76
1155,75
1155,74
1155,73
1155,72
1155,71
1155,70
1155,69
1155,68
1155,67
1155,66
1155,65
1155,64
932,5
932,4
932,3
932,2
932,1
932,0
524,1
524,19
480,319
480,318
480,317
480,316
480,315
480,314
480,313
480,312
480,311
480,310
480,309
480,308
480,307
480,306
480,305
480,304
480,303
480,302
480,301
480,300
480,299
480,298
480,297
480,296
480,295
480,294
480,293
480,292
480,291
480,290
480,289
480,288
480,287
480,286
480,285
480,284
480,283
480,282
480,281
480,280
480,279
480,278
480,277
480,276
480,275
480,274
480,273
480,272
480,271
480,270
480,269
480,268
480,267
480,266
480,265
480,264
480,263
480,262
480,261
480,260
480,259
480,258
480,257
480,256
0,310
0,305
0,308
0,307
0,302
0,304
0,303
0,300
0,299
0,298
0,297
0,296
0,295
0,294
0,293
0,292
0,291
0,290
0,289
0,288
0,287
0,286
0,285
0,284
0,283
0,282
0,281
0,280
0,279
0,278
0,277
0,276
0,275
0,274
0,273
0,272
0,271
0,270
0,269
0,268
0,267
0,266
0,265
0,264
0,263
0,262
0,261
0,260
0,259
0,258
0,257
0,256
0,314
0,319
0,318
0,317
0,316
0,315
0,313
0,312
0,311
0,309
0,306
0,301
1205,41
1204,84
1204,83
1204,82
1204,81
1204,80
1205,45
1204,79
1204,78
1204,77
1204,76
1204,75
1204,74
1205,40
1205,44
1205,42
1204,73
1204,72
1204,71
1204,70
1204,69
1204,68
1204,67
1204,66
1204,65
1204,64
1205,43
1205,39
1205,4
1205,38
1205,5
581,4
1205,37
1205,36
1205,35
1205,34
1205,33
1205,32
1205,31
1205,30
1205,29
1205,28
1205,27
1205,26
1205,25
1205,24
1205,23
1205,22
1205,21
1205,20
1205,19
1205,18
1205,17
1205,16
1205,15
1205,14
1205,13
1205,12
1205,11
1205,10
1205,9
1205,8
1205,7
1205,6
1205,3
1205,2
1205,1
1205,0
1197,5
1197,4
1197,3
1197,2
1197,1
1197,0
1189,5
1189,4
1189,3
1189,2
1189,1
1189,0
1181,23
1181,22
1181,21
1181,20
1181,19
1181,4
1181,5
1181,18
1181,17
1181,16
1181,15
1181,14
1181,13
1181,12
1181,11
1181,10
1181,9
1181,8
1181,7
1181,6
1181,3
1181,2
1181,1
1181,0
1173,5
1173,4
1173,3
1173,2
1173,1
1173,0
1165,5
1165,4
1165,3
1165,2
1165,1
1165,0
1164,85
1164,84
1164,83
1164,82
1164,81
1164,80
1164,79
1164,78
1164,77
1164,76
1164,75
1164,74
1164,73
1164,72
1164,71
1164,70
1164,69
1164,68
1164,67
1164,66
1164,65
1164,64
581,3
581,0
517,1
517,3
517,0
493,1
493,3
493,0
485,1
485,3
485,0
0,376
0,375
0,365
0,358
0,350
0,322
1157,37
1157,36
1157,35
1157,34
1157,33
1157,32
1157,31
1157,30
1157,29
1157,28
1157,27
1157,26
1157,25
1157,24
1157,23
1157,22
1157,21
1157,20
1157,19
1157,18
1157,17
1157,16
1157,15
1157,14
1157,13
1157,12
1157,11
1157,10
1157,9
1157,8
1157,7
1157,6
1157,5
1157,2
1155,146
1155,145
1155,144
1155,143
1155,142
1155,141
1155,140
1155,139
1155,138
1155,137
1155,136
1155,135
1155,134
1155,133
1155,132
1155,131
1155,130
1155,129
1155,128
717,6
717,5
717,4
717,3
717,2
717,1
717,0
597,8
597,7
597,6
597,5
597,4
597,3
597,2
597,1
597,0
589,6
589,5
589,4
589,3
589,2
589,1
589,0
581,1
581,5
581,2
573,5
573,4
573,3
573,2
573,1
573,0
565,6
565,5
565,4
565,3
565,2
565,1
565,0
557,5
557,4
557,3
557,2
557,1
557,0
549,6
549,5
549,4
549,3
549,2
549,1
549,0
541,7
541,6
541,5
541,4
541,3
541,2
541,1
541,0
533,6
533,5
533,4
533,3
533,2
533,1
533,0
525,44
525,43
525,42
525,41
525,40
525,39
525,38
525,37
525,36
525,35
525,34
525,33
525,32
525,31
525,30
525,29
525,28
525,27
525,26
525,25
525,24
525,23
525,22
525,21
525,20
525,19
525,18
525,17
525,16
525,15
525,14
525,13
525,12
525,11
525,10
525,9
525,8
525,7
525,6
525,5
525,4
525,3
525,2
525,1
525,0
524,84
524,83
524,82
524,81
524,80
524,79
524,78
524,77
524,76
524,75
524,74
524,73
524,72
524,71
524,70
524,69
524,68
524,67
524,66
524,65
524,64
480,383
480,382
480,381
480,380
480,379
480,378
480,377
480,376
480,375
480,374
480,373
480,372
480,371
480,370
480,369
480,368
480,367
480,366
480,365
480,364
480,363
480,362
480,361
480,360
480,359
480,358
480,357
480,356
480,355
480,354
480,353
480,352
480,351
480,350
480,349
480,348
480,347
480,346
480,345
480,344
480,343
480,342
480,341
480,340
480,339
480,338
480,337
480,336
480,335
480,334
480,333
480,332
480,331
480,330
480,329
480,328
480,327
480,326
480,325
480,324
480,323
480,322
480,321
480,320
1157,1
1157,4
1157,3
1157,0
0,360
0,368
0,367
0,366
0,341
0,381
0,327
0,335
0,383
0,382
0,339
0,380
0,336
0,337
0,379
0,378
0,377
0,343
0,374
0,340
0,373
0,372
0,371
0,332
0,370
0,369
0,334
0,364
0,363
0,362
0,361
0,320
0,351
0,357
0,356
0,355
0,354
0,353
0,352
0,349
0,348
0,359
0,347
0,346
0,345
0,344
0,325
0,338
0,333
0,331
0,330
0,329
0,328
0,326
0,324
0,342
0,323
0,321
1205,127
1205,126
1205,125
1205,124
1205,123
1205,122
1205,121
1205,120
1205,119
1205,118
1205,117
1205,116
1205,115
1205,114
1205,113
1205,112
1205,111
1205,110
1205,109
1205,108
1205,107
1205,106
1205,105
1205,104
1205,103
1205,102
1205,101
1205,100
1205,99
1205,98
1205,97
1205,96
1205,95
1205,94
1205,93
1205,92
1205,91
1205,90
1205,89
1205,88
1205,87
1205,86
1205,85
1205,84
1205,83
1205,82
1205,81
1205,80
1205,79
1205,78
1205,77
1205,76
1205,75
1205,74
1205,73
1205,72
1205,71
1205,70
1205,69
1205,68
1205,67
1205,66
1205,65
1205,64
1206,37
1206,36
1206,35
1206,34
1206,33
1206,32
1206,31
1206,30
1206,29
1206,28
1206,27
1206,26
1206,25
1206,24
1206,23
1206,22
1206,21
1206,20
1206,19
1206,18
1206,17
1206,16
1206,15
1206,14
1206,13
1206,12
1206,11
1206,10
1206,9
1206,8
1206,7
1206,6
1206,5
1206,4
1206,3
1206,2
1206,1
1206,0
1198,5
1198,4
1198,3
1198,2
1198,1
1198,0
1190,5
1190,4
1190,3
1190,2
1190,1
1190,0
1182,37
1182,36
1182,35
1182,34
1182,33
1182,32
1182,31
1182,30
1182,29
1182,28
1182,27
1182,26
1182,25
1182,24
1182,23
1182,22
1182,21
1182,20
1182,19
1182,18
1182,17
1182,16
1182,15
1182,14
1182,13
1182,12
1182,11
1182,10
1182,9
1182,8
1182,7
1182,6
1182,5
1182,4
1182,3
1182,2
1182,1
1182,0
1174,5
1174,4
1174,3
1174,2
1174,1
1174,0
1166,5
1166,4
1166,3
1166,2
1166,1
1166,0
1158,43
1158,34
1158,42
1158,33
1158,41
1158,40
1158,39
1158,38
1158,37
1158,36
1158,35
1158,32
1158,31
1158,30
1158,29
1158,28
1158,27
1158,26
1158,25
1158,24
1158,23
1158,22
1158,21
1158,20
1158,19
1158,18
1158,17
1158,16
1158,15
1158,14
1158,13
1158,12
1158,11
1158,10
1158,9
1158,8
1158,7
1158,6
1158,5
1158,4
1158,3
1158,2
1158,1
1158,0
1157,65
1157,64
598,38
598,37
598,36
598,35
598,34
598,33
598,32
598,31
598,30
598,29
598,28
598,27
598,26
598,25
598,24
598,23
598,22
598,21
598,20
598,19
598,18
598,17
598,16
598,15
598,14
598,13
598,12
598,11
598,10
598,9
598,8
598,7
598,6
598,5
598,4
598,3
598,2
598,1
598,0
590,5
590,4
590,3
590,2
590,1
590,0
582,5
582,4
582,3
582,2
582,1
582,0
574,8
574,7
574,6
574,5
574,4
574,3
574,2
574,1
574,0
566,7
566,6
566,5
566,4
566,3
566,2
566,1
566,0
558,3
558,2
558,1
558,0
550,5
550,4
550,3
550,2
550,1
550,0
542,5
542,4
542,3
542,2
542,1
542,0
534,5
534,4
534,3
534,2
534,1
534,0
526,6
526,5
526,4
526,3
526,2
526,1
526,0
525,91
525,90
525,89
525,88
525,87
525,86
525,85
525,84
525,83
525,82
525,81
525,80
525,79
525,78
525,77
525,76
525,75
525,74
525,73
525,72
525,71
525,70
525,69
525,68
525,67
525,66
525,65
525,64
524,129
524,128
518,4
518,3
518,2
518,1
518,0
510,5
510,4
510,3
510,2
510,1
510,0
494,6
494,5
494,4
494,3
494,2
494,1
494,0
486,6
486,5
486,4
486,3
486,2
486,1
486,0
0,447
0,446
0,445
0,444
0,443
0,442
0,441
0,440
0,439
0,438
0,437
0,436
0,434
0,408
0,406
0,411
0,405
0,404
0,403
0,400
0,398
0,417
0,396
0,410
0,395
0,394
0,391
0,390
0,389
0,387
0,384
0,413
0,430
0,407
0,392
0,418
0,431
0,385
0,435
0,425
0,429
0,409
0,388
0,433
0,424
0,428
0,397
0,421
0,399
0,427
0,386
0,426
0,423
0,432
0,422
0,393
0,401
0,420
0,419
0,412
0,416
0,415
0,414
0,402
598,100
1207,26
1207,25
1207,24
1207,23
1207,22
1207,21
1207,20
1207,19
1207,18
1207,17
1207,16
1207,15
1207,14
1205,190
1205,189
1205,188
1205,187
1205,186
1205,185
1205,184
1205,183
1205,182
1205,181
1205,180
1205,179
1205,178
1205,177
1205,176
1205,175
1205,174
1205,173
1205,172
1205,171
1205,170
1205,169
1205,168
1205,167
1205,166
1205,165
1205,164
1205,163
1205,162
1205,161
1205,160
1205,159
1205,158
1205,157
1207,13
1207,12
1207,11
1207,10
1207,9
1205,156
1205,155
1199,21
1199,20
1199,19
1205,154
1205,153
1205,152
598,99
1205,151
1199,18
1199,17
1205,150
1205,149
1205,148
1205,147
1205,146
1205,145
1205,144
1205,143
1205,142
1205,141
1205,140
1205,139
1205,138
1205,137
1199,16
1199,15
1205,136
1199,14
1207,8
1207,7
1207,6
1199,13
1199,12
1199,11
1205,135
1206,127
1206,126
1206,125
1206,124
1206,123
1206,122
1206,121
1206,120
1206,119
1206,118
1205,134
1205,133
1205,132
1205,131
1205,130
1205,129
1205,128
1206,117
1206,116
1206,115
1206,114
1206,113
1206,112
1206,111
1206,110
1206,109
1206,108
1206,107
1206,106
1206,105
1206,104
1206,103
1206,102
1206,101
1206,100
1206,99
1206,98
1206,97
1206,96
1206,95
1206,94
1206,93
1206,92
1206,91
1205,191
1206,90
1206,89
1206,88
1206,87
1206,86
1206,85
1206,84
1199,10
1199,9
1199,8
1199,7
1199,6
1206,83
1206,82
1206,81
1206,80
1206,79
1206,78
1206,77
1206,76
1206,75
1206,74
1206,73
1206,72
1206,71
1206,70
1206,69
1206,68
1206,67
1206,66
1206,65
1206,64
1207,5
1207,4
1207,3
1207,2
1207,1
1207,0
1199,5
1199,4
1199,3
1199,2
1199,1
1199,0
1191,5
1191,4
1191,3
1191,2
1191,1
1191,0
1182,127
1182,126
1182,125
1182,124
1182,123
1182,122
1182,121
1182,120
1182,119
1182,118
1182,117
1182,116
1182,115
1182,114
1182,113
1182,112
1182,111
1182,110
1182,109
1182,108
1182,107
1182,106
1182,105
1182,104
1182,103
1182,102
1182,101
1182,100
1182,99
1182,98
1182,97
1182,96
1182,95
1182,94
1182,93
1182,92
1182,91
1182,90
1182,89
1182,88
1182,87
1182,86
1182,85
1182,84
1182,83
1182,82
1182,81
1182,80
1182,79
1182,78
1182,77
1182,76
1182,75
1182,74
1182,73
1182,72
1182,71
1182,70
1182,69
1182,68
1182,67
1182,66
1182,65
1182,64
1183,37
1183,36
1183,35
1183,34
1183,33
1183,32
1183,31
1183,30
1183,29
1183,28
1183,27
1183,26
1183,25
1183,24
1183,23
1183,22
1183,21
1183,20
1183,19
1183,18
1183,17
1183,16
1183,15
1183,14
1183,13
1183,12
1183,11
1183,10
1183,9
1183,8
1183,7
1183,6
1183,5
1183,4
1183,3
1183,2
1183,1
1183,0
1175,5
1175,4
1175,3
1175,2
1175,1
1175,0
1167,5
1167,4
1167,3
1167,2
1167,1
1167,0
598,98
1158,88
598,97
1158,87
1158,86
1158,85
1158,84
1158,83
1158,82
1158,81
1158,80
1158,79
1158,78
598,96
598,95
1159,43
1159,42
1159,41
1159,40
1159,39
1159,37
1159,36
1159,35
1159,34
1159,33
1159,32
1159,31
1159,30
1159,29
1159,28
1159,27
1159,26
1159,25
1159,24
1159,23
1159,22
1159,21
1159,20
1159,19
1159,18
1159,17
1159,16
1159,15
1159,14
1159,13
1159,12
1159,11
1159,10
1159,9
1159,8
1159,7
1159,6
1159,4
1159,2
1158,77
1158,76
1158,75
1158,74
1158,73
1158,72
1158,71
1158,70
1158,69
1158,68
1158,67
1158,66
1158,65
1158,64
598,94
598,93
598,92
598,91
598,90
598,89
598,88
598,87
598,86
598,85
598,84
598,83
598,82
598,81
598,80
598,79
598,78
598,77
598,76
598,75
598,74
598,73
598,72
598,71
598,70
598,69
598,68
598,67
598,66
598,65
598,64
591,6
591,5
591,4
591,3
591,2
591,1
591,0
583,6
583,5
583,4
583,3
583,2
583,1
583,0
575,46
575,45
575,44
575,43
575,42
575,41
575,40
575,39
575,38
575,37
575,36
575,35
575,34
575,33
575,32
575,31
575,30
575,29
575,28
575,27
575,26
575,25
575,24
575,23
575,22
575,21
575,20
575,19
575,18
575,17
575,16
575,15
575,14
575,13
575,12
575,11
575,10
575,9
575,8
575,7
575,6
575,5
575,4
575,3
575,2
575,1
575,0
567,5
567,4
567,3
567,2
567,1
567,0
559,12
559,11
559,10
559,9
559,8
559,7
559,6
559,5
559,4
559,3
559,2
559,1
559,0
551,5
551,4
551,3
551,2
551,1
551,0
543,5
543,4
543,3
543,2
543,1
543,0
535,6
535,5
535,4
535,3
535,2
535,1
535,0
527,6
527,5
527,4
527,3
527,2
527,1
527,0
519,4
519,3
519,2
519,1
519,0
511,35
511,34
511,33
511,32
511,31
511,30
511,29
511,28
511,27
511,26
511,25
511,24
511,23
511,22
511,21
511,20
511,19
511,18
511,17
511,16
511,15
511,14
511,13
511,12
511,11
511,10
511,9
511,8
511,7
511,6
511,5
511,4
511,3
511,2
511,1
511,0
495,6
495,5
495,4
495,3
495,2
495,1
495,0
487,6
487,5
487,4
487,3
487,2
487,1
487,0
295,35
295,34
295,33
295,32
295,31
295,30
295,29
295,28
295,27
295,26
295,25
295,24
295,23
295,22
295,21
295,20
295,19
295,18
295,17
295,16
295,15
295,14
295,13
295,12
295,11
295,10
295,9
295,8
295,7
295,6
295,5
295,4
295,3
295,2
295,1
295,0
0,511
0,510
0,509
0,508
0,506
0,495
0,494
0,491
0,488
0,485
0,483
0,482
0,476
0,473
0,472
0,469
0,462
1159,38
1159,1
1159,5
1159,3
1159,0
0,467
0,498
0,492
0,466
0,464
0,502
0,454
0,457
0,461
0,500
0,451
0,497
0,453
0,484
0,474
0,452
0,493
0,450
0,468
0,499
0,481
0,480
0,478
0,487
0,448
0,463
0,479
0,507
0,496
0,459
0,505
0,486
0,504
0,455
0,458
0,503
0,470
0,477
0,449
0,456
0,501
0,475
0,490
0,460
0,489
0,471
0,465
